E =[              %A
     -1   1   1   1    1   1  -1 ... 
	   1  -1  -1  -1   -1  -1   1 ...
	   1  -1  -1  -1   -1  -1   1 ...
	   1   1   1   1    1   1   1 ... 
	   1  -1  -1  -1   -1  -1   1 ...
      1  -1  -1  -1   -1  -1   1 ...
      1  -1  -1  -1   -1  -1   1; 
   
	               %I
	  -1  -1  -1   1   -1  -1   -1 ... 
	  -1  -1  -1  -1   -1  -1   -1 ...
	  -1  -1  -1   1   -1  -1   -1 ...
	  -1  -1  -1   1   -1  -1   -1 ... 
	  -1  -1  -1   1   -1  -1   -1 ...
     -1  -1  -1   1   -1  -1   -1 ...
     -1  -1  -1   1   -1  -1   -1; 
  
                  %E
 	  -1   1   1   1    1    1  -1 ... 
	   1  -1  -1  -1   -1   -1   1 ...
	   1  -1  -1  -1   -1   -1   1 ...
	   1   1   1   1    1    1  -1 ... 
	   1  -1  -1  -1   -1   -1  -1 ...
      1  -1  -1  -1   -1   -1  -1 ...
     -1   1   1   1    1    1  -1;

                  %C
     -1   1   1   1   1    1    1 ... 
	   1  -1  -1  -1  -1   -1   -1 ...
	   1  -1  -1  -1  -1   -1   -1 ...
	   1  -1  -1  -1  -1   -1   -1 ... 
	   1  -1  -1  -1  -1   -1   -1 ...
      1  -1  -1  -1  -1   -1   -1 ...
     -1   1   1   1   1    1    1
] ;
